83
112003013 02
112003014 20
112003015 19
112003016 15
112003017 67
112003018 91
112003019 71
112003020 81
112003021 04
112003022 46
112003023 11
112003024 55
112003025 77
112003032 28
112003033 29
112003034 87
112003035 49
112003036 94
112003037 64
112003038 29
112003039 49
112003040 87
112003041 45
112003042 88
112003043 77
112003044 66
112003045 55
112003046 55
112003047 66
112003048 44
112003049 99
112003050 58
112003051 39
112003052 69
112003053 19
112003054 20
112003055 30
112003056 48
112003058 55
112003059 60
112003060 74
112003061 80
112003062 97
112003063 20
112003064 78
112003065 99
112003066 10
112003067 20
112003068 13
112003069 48
112003070 15
112003071 67
112003072 28
112003073 95
112003074 18
112003075 10
112003076 20
112003077 30
112003078 40
112003079 59
112003080 67
112003081 77
112003082 86
112003083 98
112003084 17
112003001 97
112003002 18
112003003 70
112003004 26
112003005 50
112003006 14
112003007 39
112003008 12
112003009 16
112003010 90
112003011 88
112003012 78
112003026 64
112003027 59
112003028 49
112003029 38
112003030 20
112003031 10